"idauniq"
100007
100025
100026
100039
100048
100052
100054
100057
100071
100077
100082
100095
100096
100098
100101
100102
100106
101109
101161
101166
101544
101546
101879
102264
102333
102438
102747
102816
103138
103321
103481
103714
103724
103725
103726
103727
103729
103731
103734
103738
103747
103753
103754
103758
103764
103769
103770
103775
103776
103778
103783
103787
103795
103801
103802
103805
103807
103809
103815
103818
103819
103822
103825
103833
103852
103855
103857
103859
103863
103864
103865
103871
103873
103874
103877
103878
103881
103883
103886
103887
103890
103892
103895
103904
103908
103910
103911
103913
103915
103917
103923
103932
103936
103940
103943
103945
103949
103957
103960
103961
103965
103966
103978
103980
103991
103992
103993
103997
104001
104004
104008
104009
104010
104016
104017
104023
104030
104034
104040
104042
104044
104046
104047
104053
104054
104056
104057
104059
104065
104068
104070
104071
104074
104079
104086
104098
104101
104108
104109
104114
104127
104128
104130
104132
104135
104137
104139
104150
104162
104163
104165
104166
104167
104175
104176
104179
104183
104186
104192
104194
104201
104202
104209
104215
104217
104224
104226
104228
104231
104232
104235
104242
104246
104250
104253
104254
104255
104258
104260
104262
104269
104285
104293
104296
104300
104305
104306
104313
104314
104317
104323
104324
104328
104329
104334
104336
104338
104341
104345
104346
104349
104350
104353
104354
104357
104366
104372
104376
104377
104381
104384
104391
104393
104394
104397
104402
104404
104406
104409
104413
104417
104420
104423
104428
104436
104441
104443
104444
104454
104458
104459
104464
104466
104468
104469
104470
104473
104475
104477
104478
104482
104488
104489
104490
104491
104492
104496
104497
104505
104510
104511
104512
104517
104521
104523
104526
104528
104531
104533
104537
104540
104545
104548
104553
104554
104557
104563
104564
104566
104569
104570
104583
104586
104587
104594
104597
104598
104605
104607
104608
104617
104624
104627
104632
104634
104642
104648
104650
104659
104666
104668
104669
104676
104677
104678
104680
104685
104686
104693
104695
104698
104700
104702
104711
104714
104715
104724
104726
104727
104730
104737
104739
104741
104742
104753
104757
104758
104760
104765
104767
104771
104772
104773
104793
104800
104804
104806
104807
104811
104813
104814
104817
104819
104822
104826
104828
104829
104830
104832
104833
104837
104845
104857
104858
104860
104869
104872
104873
104874
104875
104877
104879
104885
104886
104889
104892
104897
104898
104899
104901
104907
104908
104916
104925
104928
104935
104936
104947
104952
104954
104957
104966
104968
104971
104972
104982
104991
104993
105000
105001
105005
105006
105007
105008
105009
105023
105024
105032
105034
105037
105049
105050
105053
105058
105060
105067
105070
105071
105076
105078
105081
105084
105086
105097
105102
105110
105111
105123
105129
105134
105137
105140
105143
105147
105154
105162
105168
105169
105170
105171
105178
105182
105185
105195
105201
105211
105214
105218
105219
105224
105229
105236
105237
105238
105239
105248
105254
105260
105261
105263
105265
105266
105267
105288
105289
105294
105298
105300
105307
105309
105313
105318
105321
105326
105327
105329
105333
105338
105341
105346
105348
105349
105352
105353
105356
105358
105360
105362
105363
105368
105370
105373
105374
105375
105381
105382
105383
105386
105391
105392
105401
105405
105414
105416
105420
105426
105427
105432
105434
105438
105440
105444
105445
105449
105450
105465
105466
105469
105470
105473
105475
105479
105483
105486
105492
105498
105509
105510
105511
105515
105517
105519
105521
105526
105528
105529
105546
105548
105550
105552
105556
105557
105562
105569
105570
105571
105579
105582
105588
105591
105592
105594
105595
105596
105602
105607
105612
105624
105627
105629
105653
105659
105665
105669
105671
105673
105685
105692
105696
105698
105717
105723
105728
105730
105733
105737
105740
105742
105745
105750
105751
105755
105758
105761
105763
105765
105767
105768
105770
105776
105783
105785
105788
105795
105798
105801
105802
105810
105812
105814
105822
105823
105826
105829
105831
105840
105853
105856
105857
105860
105861
105863
105866
105867
105875
105883
105887
105891
105894
105895
105896
105900
105905
105911
105912
105913
105916
105920
105921
105926
105927
105947
105952
105957
105958
105960
105961
105963
105965
105975
105978
105986
105988
105994
105998
106005
106006
106013
106015
106019
106021
106023
106025
106028
106031
106035
106038
106039
106040
106043
106045
106046
106052
106055
106062
106065
106066
106068
106069
106071
106072
106074
106076
106078
106079
106081
106086
106087
106093
106095
106097
106098
106101
106113
106117
106125
106126
106134
106141
106144
106148
106151
106154
106158
106162
106164
106167
106171
106172
106173
106174
106182
106189
106190
106195
106196
106197
106199
106205
106208
106209
106212
106215
106221
106227
106248
106249
106257
106260
106266
106269
106271
106279
106286
106294
106297
106300
106301
106302
106303
106307
106308
106309
106317
106324
106325
106327
106333
106341
106343
106346
106348
106349
106350
106352
106363
106364
106369
106370
106372
106373
106376
106377
106385
106386
106388
106390
106395
106396
106399
106400
106403
106416
106419
106420
106425
106432
106433
106435
106442
106447
106456
106458
106460
106462
106463
106464
106465
106466
106467
106475
106481
106484
106486
106487
106488
106490
106491
106492
106497
106501
106502
106503
106509
106516
106517
106519
106522
106524
106525
106526
106527
106530
106531
106533
106534
106536
106544
106546
106547
106548
106549
106554
106564
106566
106572
106576
106580
106583
106590
106593
106595
106596
106598
106599
106607
106609
106611
106612
106613
106620
106621
106633
106638
106643
106645
106646
106647
106651
106652
106654
106660
106661
106666
106672
106676
106683
106684
106686
106690
106694
106697
106698
106710
106712
106715
106727
106729
106737
106740
106743
106752
106753
106754
106755
106762
106772
106773
106774
106776
106779
106781
106783
106789
106791
106792
106798
106799
106800
106802
106803
106804
106811
106814
106815
106822
106823
106827
106830
106833
106835
106836
106847
106849
106851
106853
106862
106863
106866
106868
106873
106876
106880
106881
106886
106899
106905
106906
106907
106910
106912
106920
106922
106925
106929
106931
106932
106948
106954
106956
106958
106966
106968
106978
106982
106984
106985
107000
107002
107003
107007
107009
107019
107021
107022
107024
107026
107031
107033
107039
107042
107044
107049
107053
107054
107055
107064
107065
107066
107068
107070
107072
107074
107084
107099
107100
107103
107110
107115
107121
107122
107123
107129
107132
107138
107142
107149
107153
107154
107155
107157
107160
107161
107163
107165
107166
107169
107173
107177
107185
107186
107187
107189
107192
107193
107199
107200
107201
107204
107205
107208
107209
107210
107213
107219
107221
107226
107228
107230
107231
107232
107234
107238
107242
107243
107252
107253
107257
107261
107262
107266
107269
107270
107277
107279
107284
107285
107286
107289
107295
107296
107297
107307
107310
107312
107314
107316
107319
107320
107326
107327
107328
107329
107341
107343
107344
107345
107346
107347
107349
107353
107355
107369
107377
107380
107384
107387
107388
107394
107398
107399
107409
107414
107424
107425
107426
107427
107429
107430
107432
107435
107436
107437
107439
107441
107444
107446
107447
107448
107453
107456
107457
107466
107467
107471
107476
107488
107490
107491
107496
107497
107506
107507
107513
107515
107517
107523
107529
107530
107535
107543
107544
107550
107552
107556
107557
107559
107562
107564
107569
107572
107576
107577
107579
107581
107588
107593
107594
107598
107603
107604
107605
107614
107615
107616
107619
107622
107626
107628
107636
107638
107641
107642
107647
107652
107653
107657
107658
107670
107676
107680
107683
107693
107696
107698
107699
107700
107701
107703
107711
107718
107720
107725
107737
107739
107743
107746
107747
107748
107749
107751
107758
107759
107768
107770
107775
107778
107785
107786
107787
107788
107791
107795
107796
107797
107805
107817
107822
107823
107824
107826
107827
107836
107841
107844
107845
107847
107848
107853
107854
107857
107862
107871
107873
107874
107877
107880
107882
107886
107887
107896
107899
107904
107907
107908
107910
107913
107914
107922
107926
107929
107930
107935
107943
107945
107946
107947
107948
107950
107952
107953
107964
107978
107981
107986
107987
107990
107996
108002
108010
108018
108023
108031
108034
108037
108038
108042
108047
108048
108050
108055
108056
108057
108061
108071
108072
108075
108076
108083
108087
108089
108093
108097
108098
108109
108111
108125
108126
108134
108136
108139
108153
108154
108167
108170
108171
108174
108183
108188
108191
108192
108194
108195
108200
108202
108206
108208
108217
108224
108232
108236
108244
108246
108253
108259
108260
108263
108270
108275
108276
108277
108281
108283
108286
108290
108291
108296
108297
108303
108306
108311
108321
108324
108326
108337
108340
108348
108357
108359
108362
108364
108365
108367
108372
108375
108380
108382
108392
108393
108397
108398
108402
108404
108409
108414
108416
108421
108423
108425
108428
108434
108436
108439
108446
108451
108453
108455
108461
108466
108473
108474
108481
108484
108488
108493
108498
108501
108502
108506
108512
108517
108519
108522
108523
108527
108533
108534
108535
108540
108541
108544
108546
108552
108555
108559
108560
108562
108570
108571
108574
108576
108577
108580
108584
108586
108588
108592
108593
108600
108602
108609
108610
108618
108619
108622
108623
108625
108626
108630
108631
108634
108636
108640
108649
108653
108654
108655
108656
108657
108660
108664
108665
108668
108669
108670
108671
108673
108674
108677
108679
108681
108688
108689
108690
108691
108692
108693
108696
108698
108703
108704
108707
108712
108715
108716
108719
108720
108721
108722
108724
108725
108728
108733
108735
108736
108743
108744
108747
108749
108750
108754
108755
108760
108765
108769
108770
108772
108778
108779
108783
108785
108786
108789
108792
108794
108796
108798
108807
108815
108821
108824
108825
108828
108831
108834
108835
108837
108843
108850
108854
109677
109692
110039
110169
110394
110607
110636
110676
110680
110842
110845
110851
110854
110856
110860
110862
110875
110883
110888
110890
110891
110898
110901
110906
110909
110912
110916
110917
110919
110927
110929
110933
110939
110940
110944
110945
110948
110954
110963
110966
110970
110977
110981
110986
110988
110989
110990
110993
111002
111003
111014
111015
111029
111035
111042
111044
111046
111048
111051
111053
111054
111059
111062
111066
111069
111070
111075
111080
111100
111102
111111
111119
111124
111126
111128
111129
111138
111140
111145
111147
111148
111150
111155
111168
111174
111176
111185
111189
111191
111192
111193
111202
111204
111212
111219
111221
111223
111224
111228
111229
111236
111238
111239
111240
111243
111244
111251
111257
111259
111260
111264
111271
111275
111288
111292
111293
111300
111302
111305
111306
111308
111309
111310
111317
111320
111321
111330
111331
111333
111335
111339
111344
111346
111347
111348
111349
111351
111357
111363
111365
111367
111370
111380
111384
111385
111386
111391
111395
111396
111398
111399
111400
111410
111411
111412
111413
111414
111424
111431
111436
111441
111443
111448
111451
111453
111456
111457
111461
111462
111468
111476
111484
111489
111494
111498
111500
111501
111510
111514
111521
111525
111526
111527
111528
111534
111543
111544
111545
111553
111556
111561
111566
111567
111568
111570
111571
111574
111577
111578
111580
111584
111587
111594
111615
111622
111627
111630
111638
111641
111644
111647
111655
111657
111663
111664
111669
111672
111673
111676
111682
111684
111685
111691
111696
111700
111703
111706
111707
111710
111716
111720
111722
111724
111725
111730
111732
111738
111742
111751
111752
111760
111762
111766
111768
111771
111776
111779
111780
111783
111784
111790
111791
111792
111795
111804
111806
111815
111826
111827
111831
111832
111833
111837
111842
111844
111850
111854
111855
111863
111875
111876
111877
111880
111882
111892
111895
111896
111899
111901
111903
111910
111914
111918
111920
111921
111928
111929
111937
111944
111951
111952
111959
111961
111962
111965
111967
111971
111972
111978
111979
111981
111982
111983
111984
111985
111987
111991
111993
111995
111996
111998
111999
112002
112006
112008
112015
112021
112024
112030
112038
112042
112043
112046
112048
112054
112057
112058
112060
112067
112083
112086
112087
112090
112093
112097
112098
112101
112107
112111
112112
112115
112116
112124
112137
112139
112140
112142
112145
112152
112154
112163
112174
112177
112179
112182
112185
112189
112194
112195
112206
112208
112210
112214
112215
112218
112219
112228
112229
112231
112232
112236
112244
112249
112253
112256
112258
112263
112275
112277
112279
112282
112284
112285
112287
112290
112295
112299
112301
112302
112304
112307
112313
112318
112323
112334
112335
112340
112344
112345
112352
112353
112355
112358
112359
112368
112369
112373
112379
112397
112413
112422
112426
112427
112432
112434
112440
112441
112442
112444
112458
112461
112463
112464
112466
112469
112473
112484
112488
112489
112491
112493
112494
112503
112504
112506
112510
112514
112517
112518
112522
112523
112539
112540
112541
112542
112543
112545
112548
112558
112559
112566
112568
112570
112571
112578
112580
112583
112584
112588
112593
112601
112607
112612
112614
112615
112629
112633
112658
112659
112662
112666
112668
112669
112670
112672
112679
112683
112696
112699
112700
112701
112704
112705
112709
112712
112714
112722
112723
112726
112732
112739
112741
112743
112746
112750
112751
112753
112768
112769
112771
112774
112780
112786
112788
112790
112793
112796
112798
112801
112814
112815
112816
112824
112830
112834
112836
112843
112847
112850
112851
112860
112861
112863
112865
112869
112874
112878
112880
112905
112914
112924
112925
112933
112938
112945
112948
112951
112952
112955
112963
112968
112971
112972
112975
112976
112979
112992
112993
112994
112996
112999
113001
113004
113005
113006
113007
113012
113015
113025
113030
113034
113036
113040
113041
113042
113045
113048
113061
113064
113077
113082
113087
113092
113093
113098
114259
114398
114549
114638
114818
115061
115097
115244
115300
115554
115717
115796
115918
115992
116000
116086
116237
116323
116435
116685
116687
116689
116691
116692
116698
116703
116709
116712
116725
116727
116737
116738
116740
116742
116743
116744
116751
116753
116757
116759
116769
116771
116772
116773
116774
116775
116776
116778
116779
116780
116788
116789
116790
116791
116794
116796
116797
116798
116801
116805
116806
116812
116816
116817
116820
116821
116838
116843
116846
116847
116848
116849
116850
116856
116862
116868
116873
116874
116877
116880
116883
116888
116891
116892
116901
116903
116905
116910
116914
116921
116925
116929
116932
116939
116944
116945
116947
116955
116960
116961
116972
116974
116978
116979
116996
117001
117003
117006
117007
117008
117010
117013
117014
117015
117016
117020
117023
117024
117028
117030
117032
117034
117035
117044
117045
117051
117053
117055
117057
117058
117068
117069
117074
117079
117080
117081
117084
117090
117093
117096
117097
117106
117107
117113
117116
117118
117119
117123
117127
117129
117131
117137
117141
117142
117154
117157
117158
117159
117163
117164
117167
117171
117174
117175
117178
117179
117190
117191
117192
117195
117197
117200
117202
117206
117215
117218
117221
117224
117228
117233
117235
117237
117244
117247
117248
117254
117259
117260
117263
117265
117267
117268
117275
117290
117291
117294
117295
117296
117297
117301
117302
117303
117304
117306
117310
117314
117315
117316
117322
117324
117328
117329
117332
117337
117343
117346
117350
117352
117353
117362
117373
117374
117382
117396
117403
117406
117407
117408
117410
117411
117415
117419
117421
117424
117428
117433
117434
117444
117446
117449
117450
117451
117452
117454
117455
117458
117463
117469
117472
117476
117481
117483
117485
117486
117488
117490
117491
117492
117493
117495
117496
117504
117525
117527
117528
117530
117531
117536
117537
117540
117542
117544
117550
117557
117568
117569
117573
117575
117577
117578
117580
117582
117583
117584
117585
117586
117589
117590
117591
117592
117601
117602
117603
117606
117614
117616
117619
117620
117621
117626
117628
117632
117636
117639
117643
117650
117652
117655
117658
117662
117664
117666
117668
117671
117675
117676
117677
117682
117683
117691
117692
117697
117707
117710
117711
117713
117716
117718
117719
117723
117727
117730
117736
117742
117748
117749
117750
117753
117761
117763
117764
117766
117775
117780
117783
117788
117790
117792
117796
117798
117799
117802
117805
117806
117808
117810
117813
117814
117816
117817
117822
117824
117826
117830
117831
117834
117839
117842
117845
117846
117849
117850
117852
117856
117864
117865
117866
117871
117874
117878
117882
117885
117887
117888
117889
117895
117899
117900
117903
117906
117912
117920
117921
117922
117925
117932
117935
117939
117942
117944
117952
117954
117956
117968
117970
117971
117974
117976
117977
117979
117981
117988
117991
117996
118001
118002
118012
118016
118020
118033
118034
118040
118041
118047
118051
118054
118055
118056
118058
118063
118064
118067
118068
118071
118073
118074
118075
118080
118081
118082
118084
118089
118092
118094
118096
118098
118101
118103
118116
118118
118120
118122
118125
118131
118135
118136
118137
118142
118143
118145
118146
118148
118150
118152
118156
118165
118169
118173
118174
118176
118180
118182
118184
118186
118190
118191
118198
118200
118210
118218
118219
118221
118224
118231
118238
118239
118243
118249
118252
118254
118260
118261
118269
118271
118272
118273
118281
118284
118287
118289
118290
118291
118292
118298
118300
118302
118303
118310
118313
118316
118319
118320
118336
118340
118345
118346
118347
118349
118351
118352
118356
118358
118360
118364
118365
118367
118368
118371
118373
118374
118375
118382
118386
118388
118392
118393
118400
118416
118419
118425
118429
118430
118436
118439
118445
118446
118455
118458
118460
118466
118471
118475
118478
118480
118481
118485
118486
118491
118492
118501
118509
118512
118514
118516
118517
118519
118526
118535
118538
118539
118540
118542
118545
118557
118559
118561
118563
118568
118581
118584
118589
118595
118596
118597
118598
118599
118600
118601
118603
118604
118607
118609
118611
118615
118617
118619
118620
118621
118625
118629
118630
118639
118640
118646
118648
118654
118655
118657
118660
118661
118664
118665
118667
118670
118679
118684
118687
118689
118692
118697
118699
118704
118709
118710
118716
118721
118722
118725
118728
118730
118732
118734
118738
118739
118740
118746
118747
118748
118749
118752
118756
118760
118770
118771
118776
118778
118781
118782
118783
118784
118789
118790
118792
118796
118797
118799
118800
118801
118804
118820
118822
118823
118824
118826
118829
118831
118840
118842
118848
118851
118852
118857
118861
118864
118866
118868
118871
118877
118879
118888
118889
118890
118893
118895
118897
118898
118902
118905
118909
118915
118916
118917
118918
118919
118920
118925
118931
118934
118936
118938
118944
118945
118952
118954
118955
118958
118959
118960
118961
118963
118964
118975
118977
118979
118981
118982
118989
118990
118994
118998
119000
119001
119002
119009
119012
119021
119035
119036
119037
119044
119046
119049
119052
119053
119055
119059
119060
119061
119063
119064
119065
119066
119068
119075
119078
119079
119082
119083
119084
119088
119095
119097
119104
119105
119106
119109
119110
119113
119114
119115
119119
119120
119123
119124
119125
119127
119138
119145
119148
119149
119150
119157
119159
119162
119166
119167
119173
119174
119179
119182
119183
119186
119188
119191
119194
119197
119198
119201
119203
119204
119208
119209
119212
119213
119214
119218
119220
119226
119231
119233
119234
119237
119240
119243
119247
119250
119252
119253
119254
119263
119265
119271
119274
119275
119289
119291
119297
119299
119302
119303
119308
119315
119318
119319
119325
119326
119330
119333
119337
119340
119342
119348
119350
119351
119352
119355
119357
119358
119359
119363
119372
119377
119378
119381
119382
119383
119385
119391
119394
119404
119406
119409
119412
119413
119417
119418
119419
119425
119427
119431
119438
119441
119446
119447
119451
119453
119457
119464
119469
119471
119473
119475
119477
119483
119491
119494
119499
119505
119506
119507
119511
119514
119515
119521
119522
119523
119529
119532
119533
119538
119541
119544
119545
119547
119549
119556
119559
119560
119561
119562
119565
119567
119569
119577
119582
119599
119601
119602
119611
119618
119631
119635
119643
119645
119654
119656
119661
119662
119663
119673
119677
119679
119681
119682
119683
119686
119689
119695
119700
119701
119705
119706
119711
119724
119727
119728
119731
119735
119736
119737
119741
119742
119744
119745
119746
119747
119751
119758
119760
119761
119768
119774
119777
119780
119782
119783
119789
119790
119793
119796
119797
119798
119801
119808
119815
119816
119818
119819
119820
119822
119829
119832
119833
119836
119845
119846
119853
119855
119861
119867
119868
119869
119871
119876
119881
119884
119888
119889
119893
119894
119897
119903
119910
119914
119916
119917
119919
119921
119922
119930
119938
119939
119941
119945
119947
119948
119953
119955
119956
119959
119960
119962
119965
119967
119972
119973
119977
119984
119994
119997
120002
120006
120010
120013
120014
120016
120017
120021
120022
120025
120026
120032
120033
120040
120041
120043
120045
120050
120052
120054
120057
120058
120060
120063
120064
120065
120068
120075
120076
120078
120079
120084
120085
120089
120092
120094
120097
120098
120107
120110
120111
120117
120119
120123
120124
120138
120139
120142
120157
120161
120163
120164
120165
120166
120169
120172
120176
120178
120180
120182
120183
120184
120185
120199
120206
120207
120208
120209
120214
120217
120218
120222
120224
120225
120227
120229
120230
120231
120234
120237
120242
120243
120245
120247
120249
120250
120254
120258
120265
120268
120276
120280
120282
120288
120293
120294
120296
120305
120306
120307
120312
120313
120321
120322
120330
120333
120335
120337
120340
120342
120346
120347
120354
120355
120362
120364
120366
120370
120375
120380
120383
120391
120392
120393
120397
120400
120401
120407
120409
120416
120420
120422
120427
120433
120435
120438
120439
120441
120442
120447
120448
120449
120452
120456
120457
120458
120461
120463
120464
120467
120468
120472
120478
120482
120484
120485
120493
120498
120501
120503
120504
120510
120514
120523
120526
120532
120534
120539
120542
120550
120551
120554
120558
120563
120568
120570
120574
120575
120578
120580
120582
120587
120590
120591
120595
120597
120598
120601
120617
120619
120624
120627
120629
120631
120632
120633
120637
120652
120653
120657
120662
120666
120667
120671
120674
120678
120680
120681
120685
120687
120688
120689
120692
120693
120694
120695
120697
120700
120701
120703
120705
120712
120718
120719
120720
120723
120725
120726
120732
120735
120736
120739
120741
120742
120743
120745
120747
120749
120750
120751
120752
120761
120769
120771
120772
120775
120776
120780
120782
120783
120785
120789
120791
120793
120794
120795
120797
120798
120799
120801
120802
120803
120804
120807
120809
120813
120815
120817
120826
120828
120829
120834
120835
120838
120839
120841
120842
120847
120854
120857
120862
120865
120866
120867
120868
120869
120874
120878
120880
120881
120883
120884
120885
120887
120891
120892
120895
120901
120902
120904
120915
120916
120918
120924
120927
120931
120932
120933
120942
120946
120948
120949
120951
120953
120954
120955
120956
120958
120961
120964
120966
120968
120970
120972
120973
120974
120978
120984
120986
120998
120999
121002
121005
121007
121008
121020
121023
121028
121029
121038
121041
121042
121044
121048
121051
121053
121055
121060
121063
121068
121070
121071
121072
121080
121081
121085
121094
121100
121106
121107
121110
121114
121115
121116
121119
121121
121124
121126
121128
121132
121142
121143
121146
121154
121156
121158
121165
121167
121174
121176
121180
121182
121187
121188
121190
121191
121192
121194
121199
121204
121209
121223
121234
121236
121240
121244
121246
121247
121248
121251
121252
121254
121260
121261
121262
121263
121268
121269
121275
121281
121290
121296
121299
121306
121313
121314
121318
121321
121323
121324
121332
121334
121335
121340
121347
121354
121361
121363
121366
121367
121372
121373
121379
121381
121383
121400
121403
121407
121410
121412
121413
121414
121415
121416
150001
150003
150009
150010
150013
150019
150021
150024
150026
150030
150034
150035
150036
150037
150038
150042
150044
150045
150046
150049
150056
150057
150060
150061
150062
150065
150071
150073
150075
150076
150077
150079
150080
150082
150085
150086
150087
150088
150090
150092
150093
150094
150097
150098
150099
150103
150104
150106
150107
150108
150109
150113
150114
150117
150119
150121
150123
150126
150128
150129
150131
150132
150133
150136
150137
150139
150140
150141
150147
150149
150150
150152
150153
150154
150155
150163
150164
150165
150166
150167
150170
150172
150183
150185
150187
150188
150192
150196
150197
150198
150199
150202
150203
150209
150210
150215
150218
150219
150223
150224
150225
150227
150229
150230
150232
150234
150235
150236
150238
150243
150244
150247
150252
150254
150257
150259
150261
150262
150264
150265
150266
150269
150273
150274
150276
150279
150280
150283
150284
150290
150297
150301
150303
150304
150305
150309
150311
150312
150314
150317
150319
150322
150324
150326
150329
150330
150332
150335
150337
150338
150340
150342
150345
150349
150352
150353
150354
150356
150358
150360
150361
150366
150367
150371
150372
150375
150377
150379
150380
150381
150384
150386
150391
150392
150393
150395
150400
150403
150404
150407
150410
150411
150412
150414
150418
150419
150420
150423
150424
150425
150426
150428
150430
150432
150433
150434
150437
150446
150447
150449
150450
150452
150454
150456
150457
150460
150463
150464
150465
150467
150476
150478
150481
150486
150487
150488
150489
150491
150493
150498
150500
150502
150510
150512
150517
150518
150522
150523
150524
150526
150528
150529
150530
150532
150533
150536
150543
150545
150548
150549
150551
150552
150556
150559
150562
150563
150567
150575
150580
150582
150584
150586
150590
150596
150598
150600
150601
150602
150603
150604
150606
150616
150619
150623
150626
150629
150630
150635
150636
150637
150640
150642
150643
150646
150647
150652
150653
150654
150656
150657
150660
150664
150665
150673
150675
150683
150688
150697
150699
150700
150704
150705
150707
150712
150714
150716
150718
150720
150722
150723
150726
150727
150733
150738
150744
150745
150746
150747
150753
150755
150756
150762
150764
150767
150768
150774
150775
150776
150779
150784
150785
150786
150791
150792
150793
150795
150798
150799
150801
150802
150807
150812
150814
150815
150816
150819
150824
150826
150828
150829
150830
150832
150834
150835
150842
150843
150847
150848
150851
150858
150859
150860
150864
150866
150868
150875
150877
150879
150882
150883
150884
150885
150888
150892
150894
150895
150899
150903
150904
150909
150914
150920
150921
150922
150927
150930
150934
150937
150940
150943
150950
150954
150960
150965
150972
150973
150975
150978
150979
150981
150983
150984
150986
150987
150990
150991
150992
150993
150994
150995
150996
150998
150999
151001
151005
151016
151017
151019
151020
151023
151024
151025
151038
151040
151041
151042
151043
151049
151050
151051
151054
151056
151058
151059
151061
151062
151065
151069
151070
151072
151073
151076
151082
151083
151088
151090
151091
151092
151096
151098
151103
151107
151109
151110
151117
151118
151122
151123
151124
151125
151126
151130
151131
151132
151139
151140
151142
151143
151147
151151
151156
151158
151160
151162
151164
151165
151166
151167
151168
151169
151170
151176
151178
151180
151183
151184
151185
151187
151190
151198
151203
151205
151207
151209
151211
151212
151213
151214
151215
151216
151221
151222
151224
151230
151231
151235
151236
151237
151238
151242
151243
151245
151247
151251
151254
151257
151260
151262
151263
151268
151272
151273
151274
151278
151280
151284
151286
151288
151290
151295
151296
151300
151301
151302
151303
151304
151305
151306
151307
151308
151309
151311
151314
151315
151316
151317
151319
151321
151322
151323
151324
151329
151331
151334
151335
151336
151339
151341
151345
151346
151349
151351
151354
151356
151357
151358
151361
151364
151365
151370
151371
151373
151374
151380
151382
151384
151386
151388
151389
151390
151391
151396
151398
151401
151403
151405
151407
151410
151411
151415
151416
151417
151422
151428
151432
151433
151434
151437
151440
151441
151442
151444
151448
151449
151450
151454
151457
151461
151462
151465
151467
151468
151469
151471
151474
151476
151477
151478
151483
151485
151486
151488
151490
151492
151493
151496
151498
151499
151502
151503
151504
151506
151516
151518
151521
151522
151527
151528
151530
151531
151532
151533
151538
151542
151543
151548
151550
151561
151566
151568
151569
151572
151579
151585
151586
151589
151594
151601
151605
151606
151608
151609
152048
152132
152206
152264
152473
152477
152486
152490
152491
152496
153349
153351
153354
160001
160002
160003
160006
160007
160010
160011
160015
160016
160020
160021
160022
160023
160026
160029
160032
160034
160038
160039
160041
160042
160043
160046
160049
160053
160054
160055
160057
160060
160061
160064
160065
160066
160068
160069
160070
160074
160078
160081
160083
160086
160088
160091
160092
160093
160094
160097
160099
160102
160103
160104
160105
160107
160111
160112
160114
160119
160121
160122
160123
160124
160126
160127
160129
160131
160132
160134
160137
160139
160140
160141
160142
160145
160148
160149
160154
160155
160157
160159
160162
160166
160167
160168
160173
160176
160177
160178
160179
160180
160184
160185
160186
160188
160189
160190
160191
160192
160193
160197
160198
160199
160202
160203
160207
160208
160209
160211
160215
160216
160220
160221
160226
160227
160228
160229
160230
160231
160233
160234
160235
160237
160238
160245
160246
160250
160254
160255
160259
160260
160261
160263
160267
160270
160271
160272
160274
160276
160277
160280
160281
160283
160284
160287
160290
160293
160294
160297
160298
160299
160302
160305
160306
160311
160314
160316
160318
160322
160323
160325
160331
160334
160336
160337
160338
160339
160340
160341
160342
160343
160344
160345
160346
160347
160349
160351
160352
160356
160357
160358
160362
160363
160364
160367
160369
160370
160374
160375
160377
160381
160385
160388
160389
160390
160393
160394
160397
160398
160402
160403
160406
160407
160411
160415
160416
160418
160419
160420
160421
160423
160425
160426
160427
160429
160431
160433
160436
160437
160441
160443
160444
160445
160447
160451
160455
160461
160467
160468
160471
160475
160478
160480
160481
160484
160487
160489
160496
160498
160500
160505
160508
160509
160511
160512
160513
160514
160515
160517
160520
160521
160522
160524
160525
160526
160527
160531
160533
160540
160541
160547
160550
160551
160554
160555
160556
160557
160560
160561
160564
160565
160566
160568
160569
160570
160571
160572
160575
160577
160579
160580
160582
160585
160586
160588
160592
160594
160595
160596
160597
160598
160599
160601
160603
160604
160606
160607
160609
160612
160616
160617
160620
160621
160622
160623
160626
160630
160633
160636
160638
160642
160643
160644
160647
160648
160649
160650
160651
160653
160654
160656
160660
160661
160662
160665
160668
160678
160679
160680
160681
160684
160685
160689
160690
160693
160695
160696
160699
160703
160704
160706
160707
160708
160710
160715
160720
160721
160722
160724
160726
160728
160730
160731
160732
160733
160738
160739
160741
160742
160746
160748
160749
160751
160756
160757
160758
160759
160760
160761
160762
160763
160764
160765
160766
160769
160773
160777
160778
160780
160782
160788
160792
160793
160795
160796
160797
160798
160799
160804
160805
160807
160814
160815
160817
160818
160819
160820
160821
160823
160824
160828
160831
160832
160834
160835
160837
160841
160842
160843
160845
160848
160849
160851
160853
160854
160855
160859
160863
160864
160865
160866
160868
160869
160872
160874
160875
160876
160877
160879
160880
160884
160885
160887
160888
160889
160890
160891
160894
160896
160897
160899
160904
160905
160906
160914
160927
160928
160930
160931
160935
160936
160937
160939
160940
160943
160946
160948
160955
160957
160960
160961
160963
160964
160965
160966
160967
160968
160971
160973
160974
160975
160979
160982
160983
160986
160987
160988
160990
160991
160992
160994
160996
160998
161002
161003
161004
161005
161006
161009
161010
161013
161014
161016
161017
161022
161024
161026
161027
161028
161029
161031
161033
161034
161035
161036
161038
161039
161044
161048
161049
161054
161055
161056
161060
161067
161068
161069
161070
161071
161072
161073
161075
161077
161079
161081
161082
161089
161094
161096
161098
161099
161100
161101
161102
161103
161104
161105
161106
161108
161112
161113
161115
161117
161121
161122
161125
161128
161130
161132
161133
161134
161135
161136
161137
161138
161140
161141
161143
161144
161147
161148
161149
161150
161151
161152
161156
161157
161159
161161
161172
161173
161174
161176
161178
161179
161180
161181
161184
161185
161187
161189
161190
161191
161193
161196
161199
161202
161205
161207
161212
161214
161215
161217
161219
161220
161221
161223
161224
161226
161227
161230
161233
161235
161236
161237
161238
161239
161244
161248
161249
161252
161253
161257
161259
161261
161262
161276
161277
161279
161280
161284
161287
161291
161292
161293
161294
161296
161298
161299
161301
161302
161305
161306
161308
161309
161310
161312
161313
161315
161316
161317
161318
161323
161326
161327
161329
161330
161332
161334
161335
161336
161339
161340
161343
161346
161349
161350
161351
161352
161355
161356
161359
161360
161362
161370
161371
161375
161376
161377
161379
161382
161384
161386
161387
161390
161391
161392
161394
161396
161400
161402
161403
161406
161408
161409
161412
161413
161414
161416
161422
161427
161432
161433
161435
161438
161439
161440
161442
161444
161446
161448
161451
161455
161457
161460
161461
161462
161463
161464
161466
161468
161469
161470
161471
161473
161475
161478
161479
161481
161482
161485
161486
161487
161488
161489
161490
161493
161494
161497
161498
161499
161500
161506
161507
161508
161510
161513
161517
161518
161519
161520
161522
161524
161527
161528
161532
161534
161535
161537
161538
161539
161541
161545
161546
161549
161550
161551
161553
161554
161557
161558
161559
161560
161561
161564
161568
161570
161572
161573
161579
161582
161584
161588
161589
161590
161592
161593
161599
161601
161602
161603
161605
161606
161607
161608
161609
161611
161614
161615
161618
161619
161621
161622
161623
161624
161630
161631
161632
161633
161634
161638
161642
161646
161651
161656
161660
161661
161662
161663
161666
161667
161668
161669
161672
161674
161676
161679
161680
161682
161684
161685
161686
161689
161690
161692
161693
161701
161706
161707
161708
161710
161711
161712
161713
161714
161717
161719
161721
161722
161724
161725
161726
161728
161729
161730
161731
161732
161736
161737
161741
161743
161745
161746
161748
161750
161755
161756
161757
161758
161759
161762
161769
161770
161771
161772
161774
161775
161777
161781
161783
161785
161789
161794
161795
161796
161797
161799
161802
161804
161806
161807
161809
161812
161813
161815
161817
161818
161819
161820
161821
161823
161824
161825
161827
161829
161830
161831
161833
161834
161835
161836
161837
161846
161848
161850
161851
161852
161853
161857
161859
161860
161862
161863
161865
161868
161870
161875
161877
161879
161880
161881
161885
161891
161893
161894
161895
161901
161902
161903
161905
161906
161909
161910
161911
161912
161915
161916
161917
161918
161919
161920
161923
161924
161925
161926
161927
161928
161930
161931
161932
161933
161935
161937
161938
161939
161940
161943
161944
161949
161950
161951
161954
161957
161958
161960
161961
161965
161966
161968
161971
161972
161977
161979
161983
161984
161987
161989
161991
161992
161993
161996
161997
161999
162000
162004
162006
162007
162008
162010
162013
162016
162017
162018
162021
162022
162023
162025
162029
162030
162031
162032
162033
162034
162037
162038
162039
162040
162042
162043
162045
162046
162048
162050
162051
162056
162057
162058
162061
162062
162064
162066
162067
162068
162074
162076
162077
162078
162083
162084
162086
162089
162090
162092
162094
162095
162096
162099
162100
162102
162103
162104
162105
162110
162111
162112
162113
162117
162118
162119
162120
162121
162124
162128
162129
162130
162131
162132
162133
162134
162140
162142
162145
162151
162152
162153
162154
162155
162157
162158
162159
162160
162161
162162
162164
162165
162166
162167
162168
162170
162176
162177
162179
162181
162183
162185
162187
162191
162192
162193
162194
162195
162196
162199
162201
162202
162205
162206
162207
162210
162211
162213
162214
162215
162216
162225
162226
162228
162230
162231
162232
162236
162238
162240
162242
162243
162244
162246
162247
162248
162249
162251
162252
162254
162255
162257
162263
162264
162265
162266
162268
162269
162270
162271
162272
162273
162278
162281
162283
162287
162289
162290
162292
162300
162301
162304
162305
162307
162313
162314
162315
162316
162317
162319
162320
162322
162327
162328
162331
162332
162333
162334
162338
162339
162340
162342
162346
162347
162348
162349
162354
162355
162358
162359
162360
162363
162364
162365
162366
162367
162368
162369
162370
162372
162375
162378
162382
162383
162387
162389
162390
162391
162392
162396
162399
162400
162403
162405
162407
162408
162409
162410
162411
162413
162416
162417
162420
162422
162426
162428
162429
162432
162438
162439
162440
162442
162443
162445
162446
162454
162456
162457
162461
162468
162471
162474
162475
162488
162489
162491
162493
162494
162497
162498
162500
162501
162503
162506
162508
162509
162511
162515
162516
162517
162519
162522
162523
162528
162530
162531
162536
162541
162542
162543
162545
162546
162547
162548
162549
162550
162551
162552
162553
162555
162556
162557
162558
162561
162562
162564
162565
162568
162569
162570
162574
164000
164001
164002
164005
164010
164014
700108
700564
700754
701668
704339
705145
705927
